69 6d 70 6f 72 74 20 7b  20 42 72 6f 77 73 65 72
52 6f 75 74 65 72 2c 20  52 6f 75 74 65 73 2c 20
52 6f 75 74 65 20 7d 20  66 72 6f 6d 20 27 72 65
61 63 74 2d 72 6f 75 74  65 72 2d 64 6f 6d 27 0a
69 6d 70 6f 72 74 20 7b  20 54 68 65 6d 65 50 72
6f 76 69 64 65 72 2c 20  75 73 65 54 68 65 6d 65
20 7d 20 66 72 6f 6d 20  27 2e 2f 54 68 65 6d 65
43 6f 6e 74 65 78 74 27  0a 69 6d 70 6f 72 74 20
4e 61 76 62 61 72 20 66  72 6f 6d 20 27 2e 2f 4e
61 76 62 61 72 27 0a 69  6d 70 6f 72 74 20 48 6f
6d 65 20 66 72 6f 6d 20  27 2e 2f 70 61 67 65 73
2f 48 6f 6d 65 27 0a 69  6d 70 6f 72 74 20 41 62
6f 75 74 50 61 67 65 20  66 72 6f 6d 20 27 2e 2f
70 61 67 65 73 2f 41 62  6f 75 74 27 0a 69 6d 70
6f 72 74 20 50 72 6f 6a  65 63 74 73 50 61 67 65
20 66 72 6f 6d 20 27 2e  2f 70 61 67 65 73 2f 50
72 6f 6a 65 63 74 73 27  0a 69 6d 70 6f 72 74 20
43 6f 6e 74 61 63 74 50  61 67 65 20 66 72 6f 6d
20 27 2e 2f 70 61 67 65  73 2f 43 6f 6e 74 61 63
74 27 0a 0a 66 75 6e 63  74 69 6f 6e 20 4c 61 79
6f 75 74 28 29 20 7b 0a  20 20 20 20 63 6f 6e 73
74 20 7b 20 64 61 72 6b  20 7d 20 3d 20 75 73 65
54 68 65 6d 65 28 29 0a  0a 20 20 20 20 72 65 74
75 72 6e 20 28 0a 20 20  20 20 20 20 20 20 3c 64
69 76 20 63 6c 61 73 73  4e 61 6d 65 3d 7b 60 6d
69 6e 2d 68 2d 73 63 72  65 65 6e 20 74 72 61 6e
73 69 74 69 6f 6e 2d 63  6f 6c 6f 72 73 20 64 75
72 61 74 69 6f 6e 2d 35  30 30 20 24 7b 64 61 72
6b 20 3f 20 27 62 67 2d  73 6c 61 74 65 2d 39 35
30 20 74 65 78 74 2d 73  6c 61 74 65 2d 31 30 30
27 20 3a 20 27 62 67 2d  77 68 69 74 65 20 74 65
78 74 2d 73 6c 61 74 65  2d 39 30 30 27 7d 60 7d
3e 0a 20 20 20 20 20 20  20 20 20 20 20 20 3c 4e
61 76 62 61 72 20 2f 3e  0a 20 20 20 20 20 20 20
20 20 20 20 20 3c 6d 61  69 6e 20 63 6c 61 73 73
4e 61 6d 65 3d 22 70 74  2d 32 38 22 3e 0a 20 20
20 20 20 20 20 20 20 20  20 20 20 20 20 20 3c 52
6f 75 74 65 73 3e 0a 20  20 20 20 20 20 20 20 20
20 20 20 20 20 20 20 20  20 20 20 3c 52 6f 75 74
65 20 70 61 74 68 3d 22  2f 22 20 65 6c 65 6d 65
6e 74 3d 7b 3c 48 6f 6d  65 20 2f 3e 7d 20 2f 3e
0a 20 20 20 20 20 20 20  20 20 20 20 20 20 20 20
20 20 20 20 20 3c 52 6f  75 74 65 20 70 61 74 68
3d 22 2f 61 62 6f 75 74  22 20 65 6c 65 6d 65 6e
74 3d 7b 3c 41 62 6f 75  74 50 61 67 65 20 2f 3e
7d 20 2f 3e 0a 20 20 20  20 20 20 20 20 20 20 20
20 20 20 20 20 20 20 20  20 3c 52 6f 75 74 65 20
70 61 74 68 3d 22 2f 70  72 6f 6a 65 63 74 73 22
20 65 6c 65 6d 65 6e 74  3d 7b 3c 50 72 6f 6a 65
63 74 73 50 61 67 65 20  2f 3e 7d 20 2f 3e 0a 20
20 20 20 20 20 20 20 20  20 20 20 20 20 20 20 20
20 20 20 3c 52 6f 75 74  65 20 70 61 74 68 3d 22
2f 63 6f 6e 74 61 63 74  22 20 65 6c 65 6d 65 6e
74 3d 7b 3c 43 6f 6e 74  61 63 74 50 61 67 65 20
2f 3e 7d 20 2f 3e 0a 20  20 20 20 20 20 20 20 20
20 20 20 20 20 20 20 20  20 20 20 3c 52 6f 75 74
65 0a 20 20 20 20 20 20  20 20 20 20 20 20 20 20
20 20 20 20 20 20 20 20  20 20 70 61 74 68 3d 22
2a 22 0a 20 20 20 20 20  20 20 20 20 20 20 20 20
20 20 20 20 20 20 20 20  20 20 20 65 6c 65 6d 65
6e 74 3d 7b 0a 20 20 20  20 20 20 20 20 20 20 20
20 20 20 20 20 20 20 20  20 20 20 20 20 20 20 20
20 3c 64 69 76 20 63 6c  61 73 73 4e 61 6d 65 3d
22 6d 69 6e 2d 68 2d 73  63 72 65 65 6e 20 66 6c
65 78 20 66 6c 65 78 2d  63 6f 6c 20 69 74 65 6d
73 2d 63 65 6e 74 65 72  20 6a 75 73 74 69 66 79
2d 63 65 6e 74 65 72 20  70 78 2d 36 20 70 79 2d
32 34 22 3e 0a 20 20 20  20 20 20 20 20 20 20 20
20 20 20 20 20 20 20 20  20 20 20 20 20 20 20 20
20 20 20 20 20 3c 70 20  63 6c 61 73 73 4e 61 6d
65 3d 22 66 6f 6e 74 2d  6d 6f 6e 6f 20 74 65 78
74 2d 62 6c 75 65 2d 34  30 30 20 74 65 78 74 2d
73 6d 20 6d 62 2d 34 22  3e 2f 2f 20 34 30 34 3c
2f 70 3e 0a 20 20 20 20  20 20 20 20 20 20 20 20
20 20 20 20 20 20 20 20  20 20 20 20 20 20 20 20
20 20 20 20 3c 68 31 20  63 6c 61 73 73 4e 61 6d
65 3d 22 74 65 78 74 2d  36 78 6c 20 66 6f 6e 74
2d 62 6c 61 63 6b 20 6d  62 2d 34 22 3e 50 61 67
65 20 4e 6f 74 20 46 6f  75 6e 64 3c 2f 68 31 3e
0a 20 20 20 20 20 20 20  20 20 20 20 20 20 20 20
20 20 20 20 20 20 20 20  20 20 20 20 20 20 20 20
20 3c 61 20 68 72 65 66  3d 22 2f 22 20 63 6c 61
73 73 4e 61 6d 65 3d 22  74 65 78 74 2d 62 6c 75
65 2d 35 30 30 20 68 6f  76 65 72 3a 74 65 78 74
2d 62 6c 75 65 2d 34 30  30 22 3e 47 6f 20 48 6f
6d 65 3c 2f 61 3e 0a 20  20 20 20 20 20 20 20 20
20 20 20 20 20 20 20 20  20 20 20 20 20 20 20 20
20 20 20 3c 2f 64 69 76  3e 0a 20 20 20 20 20 20
20 20 20 20 20 20 20 20  20 20 20 20 20 20 20 20
20 20 7d 0a 20 20 20 20  20 20 20 20 20 20 20 20
20 20 20 20 20 20 20 20  2f 3e 0a 20 20 20 20 20
20 20 20 20 20 20 20 20  20 20 20 3c 2f 52 6f 75
74 65 73 3e 0a 20 20 20  20 20 20 20 20 20 20 20
20 3c 2f 6d 61 69 6e 3e  0a 20 20 20 20 20 20 20
20 20 20 20 20 3c 66 6f  6f 74 65 72 20 63 6c 61
73 73 4e 61 6d 65 3d 7b  60 74 65 78 74 2d 63 65
6e 74 65 72 20 70 79 2d  38 20 66 6f 6e 74 2d 6d
6f 6e 6f 20 74 65 78 74  2d 78 73 20 62 6f 72 64
65 72 2d 74 20 24 7b 64  61 72 6b 20 3f 20 27 62
6f 72 64 65 72 2d 73 6c  61 74 65 2d 38 30 30 20
74 65 78 74 2d 73 6c 61  74 65 2d 35 30 30 27 20
3a 20 27 62 6f 72 64 65  72 2d 73 6c 61 74 65 2d
32 30 30 20 74 65 78 74  2d 73 6c 61 74 65 2d 35
30 30 27 7d 60 7d 3e 0a  20 20 20 20 20 20 20 20
20 20 20 20 20 20 20 20  42 75 69 6c 74 20 62 79
20 4d 6f 68 61 6d 6d 61  64 20 41 6c 69 20 e2 80
94 20 52 43 4f 45 4d 20  4e 61 67 70 75 72 20 e2
80 94 20 32 30 32 36 0a  20 20 20 20 20 20 20 20
20 20 20 20 3c 2f 66 6f  6f 74 65 72 3e 0a 20 20
20 20 20 20 20 20 3c 2f  64 69 76 3e 0a 20 20 20
20 29 0a 7d 0a 0a 66 75  6e 63 74 69 6f 6e 20 41
70 70 28 29 20 7b 0a 20  20 20 20 72 65 74 75 72
6e 20 28 0a 20 20 20 20  20 20 20 20 3c 54 68 65
6d 65 50 72 6f 76 69 64  65 72 3e 0a 20 20 20 20
20 20 20 20 20 20 20 20  3c 42 72 6f 77 73 65 72
52 6f 75 74 65 72 3e 0a  20 20 20 20 20 20 20 20
20 20 20 20 20 20 20 20  3c 4c 61 79 6f 75 74 20
2f 3e 0a 20 20 20 20 20  20 20 20 20 20 20 20 3c
2f 42 72 6f 77 73 65 72  52 6f 75 74 65 72 3e 0a
20 20 20 20 20 20 20 20  3c 2f 54 68 65 6d 65 50
72 6f 76 69 64 65 72 3e  0a 20 20 20 20 29 0a 7d
0a 0a 65 78 70 6f 72 74  20 64 65 66 61 75 6c 74
20 41 70 70
